0 0
-0.0328901 -0.106131
-0.0328901 -0.106131
-0.0330072 -0.1062
-0.0330749 -0.106254
-0.0331916 -0.106324
-0.033299 -0.10637
-0.0333571 -0.10641
-0.0335018 -0.106511
-0.033588 -0.106565
-0.033695 -0.106629
-0.0337631 -0.106652
-0.0338786 -0.106723
-0.0339735 -0.106801
-0.0340503 -0.106848
-0.0341667 -0.106906
-0.0342434 -0.106954
-0.0338559 -0.106804
0.00210131 -0.0935327
0.0996528 -0.0514759
0.165236 -0.0257964
0.266697 0.0121449
0.344685 0.0354467
0.407129 0.0506184
0.522528 0.0722001
0.602158 0.0856562
0.71036 0.107151
0.77899 0.121425
0.896451 0.147228
0.984428 0.166944
1.10164 0.193338
1.20903 0.217726
1.27735 0.233311
1.38146 0.257436
1.42903 0.266048
1.55334 0.27752
1.66438 0.286402
1.73407 0.294955
1.85337 0.310601
1.95259 0.324643
2.0319 0.336317
2.15077 0.353889
2.22863 0.36603
2.32455 0.376005
2.37232 0.378123
2.46801 0.380307
2.56336 0.375536
2.6174 0.368727
2.74585 0.343452
2.82534 0.33179
2.94481 0.316931
3.04441 0.305561
3.12406 0.296802
3.2435 0.283853
3.3331 0.274335
3.44263 0.262861
3.51233 0.255628
3.63184 0.243318
3.74139 0.232108
3.85095 0.220948
3.93063 0.212855
4.03023 0.202758
4.14976 0.190664
4.22945 0.182611
4.34898 0.170542
4.4013 0.164489
4.49809 0.157462
4.59848 0.162385
4.6997 0.167467
4.79011 0.168779
4.88039 0.168649
5.00068 0.167076
5.08085 0.165464
5.20099 0.162928
5.30109 0.160593
5.38116 0.158619
5.50126 0.15553
5.56131 0.153941
5.70142 0.150152
5.8115 0.147117
5.88155 0.145167
6.00164 0.141798
6.11172 0.138689
6.18177 0.136704
6.27183 0.134145
6.39192 0.130725
6.512 0.127299
6.60207 0.124727
6.66211 0.123011
6.80221 0.119005
6.91229 0.115857
6.98234 0.113853
7.10243 0.110418
7.2025 0.107556
7.28256 0.105265
7.40264 0.10183
7.50272 0.0989683
7.58277 0.0966787
7.70286 0.0932447
7.78988 0.0892911
7.8542 0.0908587
7.94983 0.0981061
8.02059 0.10761
8.0914 0.119847
8.184 0.141932
8.25955 0.165536
8.31924 0.18694
8.41576 0.233879
8.50653 0.278078
8.58042 0.310769
8.69194 0.356401
8.77578 0.389563
8.87858 0.429356
8.94398 0.454566
9.05617 0.497554
9.15908 0.536771
9.24083 0.566969
9.30684 0.596548
9.39108 0.64226
9.4374 0.669614
9.54067 0.732586
9.64717 0.789776
9.70071 0.817319
9.80834 0.871132
9.91593 0.924629
10.0237 0.977799
10.0776 1.0043
10.1765 1.05278
10.2754 1.10116
10.3474 1.13631
10.4553 1.18898
10.5363 1.22845
10.6173 1.26792
10.69 1.30296
10.7744 1.35008
10.8413 1.39371
10.8934 1.43084
10.9704 1.48678
11.0262 1.53119
11.0997 1.59555
11.1515 1.64354
11.2427 1.72272
11.328 1.79268
11.3826 1.83682
11.4761 1.91229
11.5697 1.98749
11.6167 2.02502
11.7105 2.09999
11.8045 2.17488
11.8515 2.2123
11.922 2.26841
12.0395 2.3619
12.0865 2.39929
12.1806 2.47405
12.2632 2.53798
12.299 2.57036
12.3661 2.64007
12.4293 2.71135
12.4605 2.7468
12.5251 2.82888
12.5994 2.9238
12.6381 2.97003
12.7171 3.06072
12.7838 3.13541
12.8378 3.19473
12.9187 3.28354
12.993 3.36478
13.0576 3.43306
13.0979 3.48366
13.1389 3.54368
13.1777 3.60463
13.2284 3.68434
13.2665 3.75326
13.3174 3.85033
13.3584 3.91944
13.4217 4.02162
13.4808 4.11458
13.5354 4.19866
13.5845 4.27422
13.6338 4.3497
13.6995 4.45024
13.7489 4.5256
13.8148 4.62604
13.8478 4.67624
13.8918 4.74318
13.9578 4.84356
14.0183 4.93558
14.0843 5.03594
14.1338 5.11122
14.1834 5.18649
14.2293 5.25399
14.2789 5.33749
14.316 5.41842
14.3395 5.46874
14.377 5.55676
14.4061 5.6526
14.4247 5.72106
14.4634 5.83435
14.4998 5.9384
14.5373 6.04195
14.5652 6.11712
14.5932 6.19222
14.6316 6.29401
14.6556 6.37147
14.6715 6.43473
14.6931 6.52957
14.7098 6.62447
14.7151 6.67218
14.7197 6.76786
14.7119 6.86767
14.704 6.93831
14.6969 7.05844
14.6916 7.17854
14.6897 7.23871
14.6854 7.37886
14.6833 7.44892
14.6801 7.56901
14.6785 7.62906
14.6755 7.74916
14.6726 7.86926
14.67 7.97935
14.6684 8.04941
14.6657 8.16951
14.6636 8.25959
14.6609 8.3797
14.6595 8.43975
14.6568 8.55985
14.6544 8.66995
14.6528 8.74001
14.6501 8.86012
14.6476 8.97021
14.6461 9.04027
14.6441 9.13035
14.6414 9.25046
14.6385 9.38058
14.6365 9.47065
14.6349 9.54072
14.6322 9.66082
14.6298 9.77092
14.6282 9.84098
14.6255 9.96109
14.6229 10.0812
14.6215 10.1412
14.6188 10.2614
14.6161 10.3815
14.6148 10.4415
14.6121 10.5616
14.6094 10.6817
14.6081 10.7418
14.6054 10.8619
14.6027 10.982
14.6014 11.042
14.5983 11.1821
14.5968 11.252
14.5941 11.3718
14.5915 11.4916
14.5901 11.5515
14.5873 11.6713
14.5843 11.7657
14.5865 11.8219
14.5963 11.9007
14.6131 12.0201
14.6225 12.1401
14.6293 12.2401
14.6342 12.3201
14.6408 12.4301
14.6448 12.5
14.6516 12.62
14.6576 12.7299
14.6614 12.7999
14.6684 12.9299
14.6727 13.0098
14.679 13.1298
14.6848 13.2398
14.6884 13.3098
14.6947 13.4297
14.6978 13.4897
14.704 13.6097
14.7103 13.7297
14.716 13.8396
14.7196 13.9096
14.7253 14.0196
14.73 14.1096
14.7362 14.2296
14.7414 14.3295
14.7455 14.4095
14.7517 14.5295
14.7569 14.6295
14.761 14.7095
14.7672 14.8294
14.7729 14.9394
14.7765 15.0094
14.7827 15.1294
14.7879 15.2293
14.792 15.3093
14.7982 15.4293
14.8029 15.5193
14.807 15.5993
14.8116 15.7081
14.8217 15.7956
14.8351 15.8576
14.8585 15.9755
14.8719 16.0652
14.8888 16.1946
14.8968 16.2643
14.9101 16.3838
14.9192 16.4701
14.9319 16.5417
14.9543 16.6604
14.969 16.7595
14.9798 16.839
14.9985 16.9779
15.0064 17.0375
15.0193 17.1434
15.0322 17.2144
15.0503 17.2841
15.0749 17.3759
15.0991 17.4514
15.1268 17.5174
15.1758 17.6279
15.2117 17.7217
15.2398 17.7967
15.2812 17.9096
15.3018 17.966
15.3389 18.0705
15.3766 18.1593
15.4255 18.2492
15.4572 18.3128
15.5067 18.4233
15.5494 18.5252
15.576 18.5901
15.6213 18.7013
15.6439 18.757
15.6887 18.8685
15.7223 18.9521
15.7668 19.0637
15.8113 19.1753
15.8446 19.259
15.8853 19.3613
15.9112 19.4264
15.9555 19.5381
15.9888 19.6218
16.022 19.7056
16.0663 19.8172
16.1069 19.9196
16.1328 19.9848
16.1771 20.0964
16.2088 20.1771
16.2441 20.2494
16.2958 20.3378
16.3292 20.4005
16.3819 20.5096
16.4274 20.6102
16.4558 20.6744
16.5043 20.7843
16.5484 20.8852
16.5883 20.977
16.6122 21.0321
16.6599 21.1424
16.7035 21.2435
16.7471 21.3447
16.7787 21.4182
16.8262 21.5286
16.8499 21.5838
16.8974 21.6941
16.9448 21.8045
16.9685 21.8597
17.0178 21.9744
17.0437 22.0245
17.0915 22.1073
17.1437 22.1927
17.182 22.2527
17.2427 22.357
17.2914 22.4448
17.33 22.515
17.3733 22.594
17.4307 22.6996
17.4831 22.7964
17.5307 22.8845
17.5676 22.9542
17.6055 23.016
17.6629 23.0937
17.7261 23.1729
17.7663 23.2307
17.8344 23.3308
17.8833 23.4068
17.9423 23.4999
17.9798 23.5591
18.0359 23.6511
18.0919 23.7294
18.1226 23.7665
18.2072 23.8601
18.2714 23.9386
18.3205 24.0027
18.3912 24.1002
18.4259 24.1494
18.4867 24.2389
18.5482 24.3142
18.605 24.3727
18.6485 24.4194
18.7047 24.4757
18.7867 24.5621
18.8482 24.6289
18.9274 24.7196
18.9928 24.7955
19.045 24.8563
19.1113 24.9361
19.1677 24.9932
19.2156 25.0361
19.2845 25.093
19.3298 25.1283
19.4319 25.2023
19.4869 25.246
19.5805 25.323
19.6563 25.3887
19.7162 25.4419
19.8059 25.5219
19.8805 25.5887
19.9401 25.6422
20.0179 25.7141
20.0753 25.7592
20.1585 25.8125
20.2068 25.8404
20.3139 25.913
20.3711 25.9545
20.4671 26.0271
20.554 26.095
20.6015 26.1342
20.6798 26.1907
20.7632 26.2392
20.805 26.2624
20.8736 26.2975
20.9791 26.3517
21.0832 26.4125
21.1604 26.459
21.2541 26.5172
21.3137 26.5543
21.4155 26.618
21.5088 26.6766
21.5681 26.7139
21.6697 26.778
21.7582 26.834
21.8005 26.8572
21.8881 26.8976
21.9892 26.9387
22.0702 26.9769
22.1513 27.0182
22.2576 27.0746
22.3455 27.1229
22.405 27.1573
22.4698 27.1897
22.5625 27.225
22.6104 27.2414
22.7009 27.275
22.8071 27.3114
22.8607 27.325
22.9887 27.3513
23.0569 27.3682
23.1733 27.3983
23.2603 27.422
23.3761 27.4542
23.434 27.4704
23.5497 27.5028
23.6653 27.5355
23.7231 27.5518
23.8387 27.5846
23.9543 27.6175
24.0506 27.6449
24.1276 27.6668
24.2431 27.6997
24.3009 27.7162
24.4357 27.7547
24.5031 27.7739
24.6089 27.8041
24.7148 27.8343
24.8111 27.8618
24.8978 27.8865
24.9844 27.9113
25.0637 27.9343
25.1581 27.9561
25.2525 27.9732
25.3 27.9801
25.3954 27.9892
25.4911 27.9907
25.5706 27.986
25.6436 27.9753
25.763 27.9525
25.8227 27.9438
25.9421 27.9289
26.0318 27.9186
26.1513 27.9057
26.2508 27.895
26.3305 27.8867
26.45 27.8743
26.5496 27.8641
26.6293 27.856
26.7488 27.8439
26.8584 27.8329
26.958 27.8229
27.0576 27.813
27.1373 27.805
27.2369 27.7951
27.3166 27.7871
27.4362 27.7752
27.5557 27.7633
27.6155 27.7574
27.755 27.7435
27.8247 27.7366
27.9442 27.7247
28.0439 27.7148
28.1535 27.7039
28.2531 27.694
28.3328 27.6861
28.4523 27.6742
28.542 27.6653
28.6316 27.6564
28.7512 27.6445
28.811 27.6386
28.9305 27.6267
29.0401 27.6158
29.1497 27.6049
29.2294 27.597
29.339 27.5861
29.4286 27.5772
29.5334 27.5677
29.581 27.5602
29.6752 27.5379
29.7592 27.5159
29.8356 27.4939
29.9174 27.4645
29.9685 27.4432
30.0538 27.4012
30.1221 27.3598
30.176 27.3259
30.2546 27.2713
30.2926 27.2424
30.3663 27.1817
30.4373 27.1175
30.4993 27.0556
30.5372 27.0139
30.5831 26.9572
30.6412 26.8805
30.6911 26.8063
30.7326 26.7363
30.7721 26.6672
30.7981 26.6177
30.8419 26.5201
30.8948 26.4135
30.9386 26.3341
30.9938 26.2387
31.0295 26.1783
31.0916 26.0755
31.1338 26.0072
31.197 25.905
31.2286 25.8539
31.308 25.7264
31.3397 25.6754
31.4033 25.5735
31.467 25.4716
31.4988 25.4207
31.5635 25.3146
31.5966 25.269
31.6656 25.1857
31.7156 25.1222
31.7874 25.0248
31.8218 24.9754
31.8898 24.8762
31.9575 24.7769
32.0136 24.694
32.0584 24.6276
32.1225 24.5321
32.1587 24.4671
32.2189 24.3623
32.2714 24.2768
32.3141 24.2091
32.363 24.1332
32.4118 24.0574
32.4771 23.9566
32.5426 23.8558
32.5753 23.8055
32.6409 23.7048
32.6987 23.6188
32.7227 23.5768
32.7642 23.4894
32.8055 23.3884
32.8285 23.3322
32.8794 23.2236
32.9305 23.1149
32.9701 23.0339
33.01 22.953
33.0633 22.8453
33.1033 22.7646
33.1394 22.6953
33.1763 22.6054
33.2012 22.5384
33.2167 22.4932
33.2412 22.3907
33.2619 22.2822
33.291 22.1657
33.308 22.0977
33.3306 22.0105
33.3649 21.8848
33.384 21.8168
33.4054 21.7223
33.4189 21.6439
33.4274 21.5806
33.4312 21.4723
33.4304 21.4118
33.4391 21.2614
33.4446 21.1714
33.4526 21.0616
33.4585 20.9916
33.4687 20.8719
33.4773 20.7722
33.4843 20.6924
33.4949 20.5727
33.5003 20.5129
33.511 20.3932
33.5219 20.2736
33.531 20.1739
33.5382 20.0941
33.5492 19.9745
33.5583 19.8748
33.5656 19.795
33.5766 19.6754
33.5848 19.5857
33.593 19.496
33.6013 19.4062
33.6122 19.2866
33.6205 19.1969
33.6324 19.0673
33.6379 19.0075
33.6489 18.8878
33.6599 18.7682
33.6654 18.7084
33.6764 18.5887
33.6874 18.4691
33.6965 18.3694
33.7038 18.3011
33.7061 18.2048
33.7051 18.1571
33.7005 18.0612
33.6919 17.9822
33.6822 17.9195
33.6614 17.8266
33.6325 17.7363
33.6174 17.6851
33.5875 17.5684
33.557 17.4521
33.5418 17.394
33.5088 17.2681
33.4886 17.1906
33.4582 17.0743
33.4328 16.9775
33.4126 16.9
33.3822 16.7837
33.3594 16.6966
33.3367 16.6094
33.3063 16.4932
33.2785 16.3866
33.2607 16.3188
33.2323 16.2153
33.2187 16.1436
33.2082 16.0719
33.2015 15.9638
33.1977 15.8729
33.1903 15.7827
33.1778 15.6631
33.1673 15.5735
33.1553 15.4842
33.1434 15.3949
33.1267 15.2758
33.1142 15.1866
33.0973 15.0677
33.0847 14.9818
33.0798 14.9088
33.074 14.7879
33.0645 14.6882
33.056 14.6085
33.0423 14.489
33.0307 14.3896
33.0214 14.31
33.0095 14.2106
32.9963 14.1013
32.9824 13.997
32.979 13.9487
32.9764 13.8527
32.98 13.7565
32.984 13.7086
32.9933 13.6379
33.0199 13.5365
33.0484 13.4302
33.0669 13.341
33.0833 13.2522
33.1024 13.1457
33.11 13.0735
33.1142 12.9692
33.1153 12.9054
33.1048 12.8054
33.0967 12.7358
33.0901 12.5852
33.0877 12.5251
33.0837 12.405
33.0818 12.3048
33.0803 12.2247
33.0782 12.1046
33.0766 11.9945
33.0756 11.9244
33.0739 11.8043
33.0732 11.7442
33.0714 11.604
33.0703 11.514
33.069 11.4038
33.0682 11.3338
33.0668 11.2136
33.0655 11.0935
33.0648 11.0334
33.0632 10.8933
33.0624 10.8232
33.0611 10.7031
33.0601 10.613
33.0588 10.5029
33.0581 10.4328
33.0567 10.3127
33.0555 10.2026
33.0544 10.1024
33.0534 10.0124
33.052 9.89222
33.0509 9.79211
33.05 9.71203
33.0487 9.5919
33.048 9.53183
33.0467 9.4117
33.0454 9.29157
33.0444 9.20148
33.0434 9.11138
33.0424 9.02128
33.0411 8.90115
33.0398 8.79104
33.0391 8.72096
33.0377 8.60083
33.0365 8.49076
33.0357 8.42076
33.0343 8.30077
33.0333 8.21089
33.0323 8.12104
33.031 8.00122
33.03 7.90137
33.0292 7.8215
33.028 7.70168
33.027 7.60182
33.0263 7.52195
33.0252 7.40213
33.0243 7.29228
33.0237 7.22239
33.0227 7.10257
33.0219 6.99273
33.0213 6.92284
33.0204 6.80302
33.0197 6.69317
33.0192 6.62329
33.0186 6.5334
33.0179 6.41358
33.0172 6.29376
33.0168 6.23385
33.0161 6.10405
33.0157 6.02417
33.0152 5.90435
33.0147 5.7945
33.0144 5.72462
33.0139 5.60479
33.0135 5.49494
33.0133 5.42506
33.0129 5.30523
33.0126 5.18541
33.0124 5.1255
33.0121 5.01565
33.0119 4.92579
33.0117 4.80597
33.0116 4.69614
33.0115 4.60625
33.0114 4.53635
33.0113 4.41653
33.0113 4.2967
33.0113 4.23679
33.0113 4.11697
33.0114 3.99714
33.0114 3.90729
33.0115 3.81741
33.0116 3.70757
33.0118 3.59773
33.012 3.51785
33.0122 3.40801
33.0124 3.33811
33.0127 3.21829
33.013 3.09847
33.0132 3.03856
33.0136 2.90876
33.014 2.79891
33.0143 2.739
33.0147 2.62916
33.0152 2.52932
33.0156 2.43944
33.0162 2.31962
33.0168 2.20978
33.0174 2.09994
33.0179 2.02007
33.0184 1.93022
33.0191 1.81039
33.0195 1.75048
33.0203 1.63066
33.0212 1.51084
33.0219 1.42096
33.0227 1.31113
33.0236 1.20129
33.0243 1.12141
33.0253 1.00159
33.0261 0.901741
33.0269 0.821867
33.0279 0.712034
33.0285 0.64214
33.0297 0.522322
33.0309 0.402505
33.0315 0.342596
33.0328 0.22278
33.0341 0.102963
33.0347 0.0430555
33.0361 -0.0767601
33.0373 -0.18659
33.0382 -0.256483
33.0396 -0.376297
33.0408 -0.476147
33.0423 -0.59596
33.0434 -0.675831
33.045 -0.795644
33.0458 -0.85555
33.0474 -0.975362
33.0489 -1.08519
33.0504 -1.19502
33.0516 -1.27489
33.0532 -1.38472
33.0542 -1.45461
33.0561 -1.57441
33.0579 -1.69422
33.0593 -1.78407
33.0609 -1.88391
33.0622 -1.96378
33.0641 -2.08358
33.0658 -2.18343
33.0671 -2.26329
33.0687 -2.35316
33.0708 -2.47297
33.0729 -2.59277
33.0739 -2.65267
33.0761 -2.77248
33.0777 -2.86231
33.0798 -2.97213
33.082 -3.09193
33.0832 -3.15183
33.0855 -3.27163
33.0879 -3.39143
33.089 -3.45133
33.0914 -3.57113
33.0933 -3.661
33.0958 -3.78079
33.0976 -3.87062
33.1001 -3.99042
33.1014 -4.05031
33.1042 -4.1801
33.106 -4.25998
33.1086 -4.37977
33.1108 -4.47958
33.1135 -4.55003
33.11 -4.6466
33.1032 -4.72622
33.0956 -4.78923
33.0747 -4.89381
33.0497 -5.00184
33.0359 -5.07086
33.0134 -5.18887
32.9953 -5.28738
32.9809 -5.36617
32.9613 -5.47454
32.9401 -5.5928
32.9296 -5.65194
32.9086 -5.77022
32.8894 -5.87867
32.8772 -5.94768
32.8564 -6.06599
32.8373 -6.17445
32.8199 -6.27306
32.8072 -6.35062
32.7843 -6.44424
32.7697 -6.49028
32.7357 -6.59574
32.7159 -6.64767
32.6679 -6.74414
32.6301 -6.82658
32.5875 -6.92891
32.5618 -6.99428
32.5184 -7.10642
32.4861 -7.19053
32.4433 -7.30279
32.4113 -7.38704
32.3795 -7.47133
32.3371 -7.58376
32.2984 -7.68684
32.2738 -7.75245
32.2316 -7.86494
32.2 -7.94932
32.1684 -8.0337
32.1263 -8.14621
32.0877 -8.24935
32.0631 -8.31499
32.021 -8.42751
31.9825 -8.53066
31.9617 -8.58743
31.922 -8.67547
31.8801 -8.75315
31.854 -8.80169
31.8073 -8.88491
31.7639 -8.95152
31.7276 -9.00329
31.6694 -9.07921
31.6245 -9.13513
31.5512 -9.21536
31.4931 -9.28464
31.4356 -9.35489
31.362 -9.45017
31.3076 -9.52209
31.2532 -9.594
31.1991 -9.666
31.127 -9.76214
31.0731 -9.83431
31.0192 -9.90652
30.9594 -9.98679
30.8996 -10.0671
30.8338 -10.1554
30.7621 -10.2518
30.7262 -10.3
30.6545 -10.3964
30.5888 -10.4848
30.547 -10.541
30.4753 -10.6374
30.4215 -10.7097
30.3499 -10.8061
30.2842 -10.8945
30.2423 -10.9508
30.1707 -11.0472
30.1169 -11.1195
30.0452 -11.2159
30.0094 -11.2641
29.9377 -11.3605
29.884 -11.4328
29.8123 -11.5292
29.7466 -11.6176
29.7048 -11.6739
29.6411 -11.7602
29.594 -11.8152
29.5438 -11.8672
29.4741 -11.9343
29.4148 -11.989
29.365 -12.0308
29.2868 -12.0905
29.2134 -12.1421
29.1647 -12.1733
29.0775 -12.2232
29.0004 -12.2677
28.9504 -12.2944
28.8625 -12.3369
28.7775 -12.3721
28.7203 -12.392
28.6429 -12.4183
28.5333 -12.4632
28.4509 -12.502
28.3519 -12.5506
28.2657 -12.5959
28.2146 -12.6195
28.1257 -12.6555
28.0428 -12.6849
27.9904 -12.7031
27.8822 -12.7327
27.8273 -12.7446
27.7323 -12.7594
27.6527 -12.7664
27.5796 -12.763
27.4597 -12.756
27.399 -12.7566
27.2786 -12.7588
27.1584 -12.7627
27.0682 -12.7669
26.9481 -12.7729
26.8881 -12.776
26.7681 -12.7823
26.6781 -12.7872
26.5582 -12.7938
26.4482 -12.8
26.3782 -12.804
26.2583 -12.8109
26.1639 -12.8164
26.0993 -12.8248
25.9795 -12.841
25.9196 -12.8476
25.7998 -12.8586
25.6799 -12.868
25.5701 -12.8765
25.5002 -12.8817
25.3804 -12.8906
25.2905 -12.8971
25.2006 -12.9035
25.0808 -12.912
24.9809 -12.919
24.901 -12.9246
24.7812 -12.9329
24.6713 -12.9405
24.5814 -12.9468
24.4716 -12.9544
24.4017 -12.9592
24.2818 -12.9675
24.1819 -12.9744
24.0821 -12.9813
24.0121 -12.9861
23.8923 -12.9944
23.7724 -13.0026
23.7125 -13.0068
23.5927 -13.015
23.4828 -13.0226
23.4129 -13.0275
23.293 -13.0357
23.1732 -13.044
23.1133 -13.0481
22.9934 -13.0564
22.8736 -13.0647
22.8136 -13.0688
22.6938 -13.0771
22.5939 -13.084
22.514 -13.0895
22.3942 -13.0978
22.2843 -13.1054
22.2144 -13.1102
22.0945 -13.1185
21.9946 -13.1254
21.9148 -13.1308
21.7952 -13.1391
21.6856 -13.1466
21.6159 -13.1514
21.4964 -13.1597
21.3768 -13.168
21.2871 -13.1743
21.1875 -13.1812
21.1078 -13.1868
20.9883 -13.1952
20.8787 -13.203
20.809 -13.2079
20.6895 -13.2164
20.6098 -13.2221
20.4803 -13.2313
20.4006 -13.2371
20.2811 -13.2457
20.2213 -13.25
20.0918 -13.2594
19.9823 -13.2673
19.9026 -13.2731
19.793 -13.2811
19.7233 -13.2862
19.5938 -13.2957
19.5141 -13.3016
19.3946 -13.3104
19.295 -13.3178
19.2154 -13.3237
19.0859 -13.3333
18.9863 -13.3408
18.9166 -13.346
18.7971 -13.355
18.7075 -13.3617
18.6111 -13.3695
18.518 -13.3688
18.4271 -13.368
18.3168 -13.3706
18.2467 -13.3731
18.1166 -13.379
18.0166 -13.3838
17.9466 -13.3872
17.8266 -13.3932
17.7166 -13.3989
17.6366 -13.4031
17.5167 -13.4094
17.4067 -13.4153
17.3367 -13.419
17.2167 -13.4255
17.1068 -13.4314
17.0368 -13.4352
16.9168 -13.4418
16.8169 -13.4472
16.7369 -13.4515
16.6169 -13.4581
16.557 -13.4614
16.437 -13.4679
16.3171 -13.4744
16.2371 -13.4788
16.1171 -13.4854
16.0372 -13.4897
15.9172 -13.4963
15.8572 -13.4995
15.7373 -13.5061
15.6173 -13.5127
15.5073 -13.5187
15.4374 -13.5225
15.3174 -13.529
15.2274 -13.534
15.1375 -13.5389
15.0175 -13.5454
14.9575 -13.5487
14.8376 -13.5553
14.7176 -13.5618
14.6077 -13.5678
14.5377 -13.5717
14.4178 -13.5781
14.308 -13.5842
14.2382 -13.5879
14.1312 -13.5946
14.0588 -13.5948
13.9636 -13.5887
13.9093 -13.5822
13.7903 -13.5615
13.7007 -13.5494
13.5812 -13.5355
13.4815 -13.525
13.4019 -13.5167
13.2958 -13.5058
13.2127 -13.5044
13.1016 -13.5034
13.0316 -13.5002
12.9115 -13.4925
12.8016 -13.4852
12.7317 -13.4802
12.6118 -13.4716
12.492 -13.4628
12.4321 -13.4584
12.3023 -13.4487
12.2225 -13.4426
12.1027 -13.4335
11.9929 -13.4251
11.923 -13.4198
11.8032 -13.4106
11.7034 -13.4029
11.6235 -13.3968
11.5038 -13.3876
11.394 -13.3791
11.3241 -13.3737
11.2043 -13.3645
11.0945 -13.356
11.0246 -13.3507
10.9048 -13.3414
10.815 -13.3345
10.7252 -13.3276
10.6353 -13.3206
10.5155 -13.3114
10.4057 -13.3029
10.2959 -13.2945
10.2261 -13.2891
10.1163 -13.2806
10.0065 -13.2721
9.92662 -13.266
9.80684 -13.2568
9.69704 -13.2483
9.62716 -13.2429
9.50738 -13.2337
9.40756 -13.226
9.32771 -13.2198
9.20792 -13.2106
9.09812 -13.2021
9.02825 -13.1967
8.92168 -13.1871
8.85728 -13.1861
8.74844 -13.1946
8.66814 -13.2014
8.54809 -13.2081
8.44793 -13.2121
8.36787 -13.2151
8.24781 -13.2195
8.15776 -13.2226
8.0773 -13.2256
7.96841 -13.2206
7.85746 -13.2147
7.78737 -13.2136
7.69711 -13.2133
7.57689 -13.2134
7.45674 -13.2138
7.39667 -13.214
7.26653 -13.2149
7.18644 -13.2154
7.06631 -13.2164
6.95618 -13.2174
6.88611 -13.218
6.76598 -13.2192
6.65586 -13.2202
6.55575 -13.2212
6.46565 -13.2221
6.37555 -13.223
6.25542 -13.2242
6.19535 -13.2248
6.07522 -13.2261
5.98512 -13.227
5.875 -13.2281
5.75487 -13.2294
5.66477 -13.2303
5.57467 -13.2312
5.46455 -13.2323
5.37445 -13.2333
5.27434 -13.2343
5.15421 -13.2356
5.09415 -13.2362
4.97402 -13.2374
4.88392 -13.2383
4.7738 -13.2395
4.6837 -13.2404
4.5936 -13.2414
4.47347 -13.2426
4.35334 -13.2438
4.29327 -13.2445
4.17314 -13.2457
4.06302 -13.2468
3.99294 -13.2476
3.87281 -13.2488
3.7627 -13.2499
3.66263 -13.251
3.57288 -13.252
3.45244 -13.2521
3.39219 -13.2523
3.26161 -13.2524
3.18138 -13.2528
3.06092 -13.2532
2.97059 -13.2537
2.85014 -13.2544
2.78991 -13.2548
2.66947 -13.2556
2.57913 -13.2564
2.45869 -13.2575
2.35825 -13.2584
2.27802 -13.2594
2.15758 -13.2609
2.05715 -13.262
1.97693 -13.2632
1.85649 -13.265
1.74606 -13.2667
1.67584 -13.2679
1.55541 -13.27
1.44498 -13.272
1.37477 -13.2733
1.25434 -13.2758
1.16402 -13.2776
1.07371 -13.2796
0.953292 -13.2823
0.893084 -13.2837
0.772671 -13.2867
0.652262 -13.2897
0.551851 -13.2922
0.471654 -13.2945
0.351252 -13.2979
0.260954 -13.3005
0.170658 -13.3032
0.0502669 -13.3068
-0.0501286 -13.3099
-0.130313 -13.3126
-0.250694 -13.3166
-0.351081 -13.3199
-0.431257 -13.3228
-0.551627 -13.3271
-0.652005 -13.3307
-0.762263 -13.335
-0.839541 -13.3397
-0.911801 -13.339
-0.999038 -13.3337
-1.08606 -13.3241
-1.14859 -13.3138
-1.23378 -13.2948
-1.28709 -13.2797
-1.38568 -13.2424
-1.48793 -13.1994
-1.57246 -13.1676
-1.68573 -13.1271
-1.77071 -13.097
-1.85571 -13.0671
-1.95519 -13.033
-2.04195 -12.9961
-2.11637 -12.964
-2.21899 -12.923
-2.32218 -12.8841
-2.39717 -12.8559
-2.48159 -12.8244
-2.58218 -12.7878
-2.65568 -12.7551
-2.71919 -12.7196
-2.8266 -12.6646
-2.89988 -12.6308
-3.01029 -12.5826
-3.08369 -12.5524
-3.17044 -12.5111
-3.21233 -12.4871
-3.3106 -12.4278
-3.37961 -12.3857
-3.48533 -12.3263
-3.56525 -12.2841
-3.67272 -12.23
-3.72024 -12.2067
-3.8049 -12.1601
-3.87161 -12.1159
-3.92859 -12.0748
-4.02582 -12.004
-4.11811 -11.943
-4.2028 -11.8892
-4.27918 -11.8413
-4.34778 -11.8
-4.42711 -11.7449
-4.48256 -11.6976
-4.54209 -11.6449
-4.63303 -11.5671
-4.71084 -11.5037
-4.77384 -11.4541
-4.84485 -11.3985
-4.9396 -11.3246
-5.03451 -11.251
-5.10577 -11.1958
-5.1533 -11.1591
-5.2484 -11.0857
-5.34355 -11.0123
-5.43079 -10.9451
-5.48632 -10.9024
-5.58151 -10.8291
-5.65681 -10.7724
-5.69921 -10.7355
-5.76678 -10.6661
-5.81468 -10.6127
-5.90298 -10.5164
-5.95969 -10.4592
-6.03598 -10.3857
-6.0899 -10.3254
-6.12993 -10.2748
-6.17362 -10.2161
-6.23457 -10.1265
-6.28828 -10.0544
-6.34379 -9.98255
-6.40036 -9.91238
-6.47668 -9.8195
-6.54454 -9.74077
-6.58696 -9.68223
-6.61258 -9.64182
-6.67336 -9.53557
-6.72928 -9.44004
-6.76691 -9.38063
-6.82642 -9.29108
-6.87081 -9.2152
-6.89563 -9.16509
-6.94203 -9.07361
-6.96883 -9.01622
-7.00291 -8.92634
-7.02555 -8.83495
-7.04501 -8.75664
-7.07585 -8.65082
-7.09597 -8.58365
-7.13146 -8.46889
-7.16524 -8.36389
-7.18474 -8.30461
-7.21022 -8.21105
-7.22507 -8.1313
-7.24402 -8.01182
-7.26452 -7.91374
-7.28173 -7.83546
-7.30653 -7.73143
-7.32199 -7.6438
-7.32948 -7.58823
-7.33964 -7.4929
-7.33939 -7.39121
-7.33702 -7.3004
-7.33746 -7.20013
-7.33833 -7.12009
-7.34107 -6.99983
-7.34347 -6.89974
-7.34562 -6.82915
-7.34461 -6.75651
-7.33398 -6.65035
-7.32068 -6.53017
-7.31603 -6.47021
-7.30654 -6.33024
-7.30242 -6.26021
-7.29541 -6.14027
-7.29202 -6.0803
-7.28434 -5.94035
-7.27898 -5.84038
-7.27559 -5.76992
-7.26741 -5.67449
-7.25373 -5.58795
-7.24225 -5.53322
-7.21918 -5.44094
-7.20561 -5.39543
-7.17294 -5.30601
-7.1246 -5.20938
-7.09853 -5.15498
-7.05128 -5.04284
-7.00811 -4.93027
-6.97691 -4.84562
-6.94968 -4.77023
-6.90906 -4.65715
-6.86876 -4.54398
-6.83535 -4.4496
-6.80869 -4.37408
-6.76881 -4.26075
-6.7516 -4.21108
-6.71484 -4.12162
-6.67172 -4.03582
-6.64637 -3.98797
-6.59033 -3.88105
-6.54021 -3.77179
-6.49118 -3.662
-6.46715 -3.6069
-6.43119 -3.52428
-6.38933 -3.4256
-6.34869 -3.34723
-6.31868 -3.29954
-6.27015 -3.21807
-6.22705 -3.15121
-6.18924 -3.09938
-6.13131 -3.02338
-6.08053 -2.96166
-6.03242 -2.90858
-5.95441 -2.81829
-5.89622 -2.74867
-5.82131 -2.65436
-5.7905 -2.61257
-5.7271 -2.5389
-5.66779 -2.4831
-5.60173 -2.42286
-5.54715 -2.37515
-5.47058 -2.3145
-5.39477 -2.25917
-5.33321 -2.20811
-5.24236 -2.12811
-5.1978 -2.08763
-5.10966 -2.00576
-5.04682 -1.94439
-4.97879 -1.88775
-4.91155 -1.84152
-4.8423 -1.79749
-4.79307 -1.76784
-4.70519 -1.72006
-4.61085 -1.67663
-4.55006 -1.64257
-4.44742 -1.57802
-4.35511 -1.51754
-4.29687 -1.47842
-4.19788 -1.41001
-4.09913 -1.34152
-4.04983 -1.30719
-3.95132 -1.23838
-3.88651 -1.19156
-3.80436 -1.14092
-3.71863 -1.09759
-3.67531 -1.0771
-3.60305 -1.04579
-3.49519 -0.996744
-3.39663 -0.945885
-3.30831 -0.898274
-3.23937 -0.858817
-3.17428 -0.826348
-3.07846 -0.785404
-3.02049 -0.760655
-2.93866 -0.729907
-2.84735 -0.709434
-2.76022 -0.687517
-2.64459 -0.651516
-2.55911 -0.622782
-2.46447 -0.589649
-2.39801 -0.564575
-2.30542 -0.535459
-2.23459 -0.517957
-2.15536 -0.502142
-2.03516 -0.484845
-1.93709 -0.464503
-1.8588 -0.446876
-1.74167 -0.419587
-1.65407 -0.398042
-1.54715 -0.371344
-1.47916 -0.354318
-1.36266 -0.324948
-1.27532 -0.302812
-1.15889 -0.273198
-1.05218 -0.245981
-0.984287 -0.228636
-0.867899 -0.198866
-0.770915 -0.174034
-0.69333 -0.154156
-0.576957 -0.124325
-0.470284 -0.0969697
-0.373311 -0.0720942
-0.315127 -0.0571666
-0.198761 -0.0273074
-0.111487 -0.00491025
-0.00804864 0.0219105
0.0792428 0.0383672
0.134611 0.0461582
0.229694 0.0571626
