0.00898699 -0.0134278
0.0084867 -0.0135745
0.00800343 -0.0137481
0.00751069 -0.0138991
0.0133552 -0.0140685
0.382131 -0.0024549
0.802289 0.0112857
1.19268 0.0243536
1.58291 0.0377843
2.01314 0.0530516
2.38335 0.0665666
2.77352 0.0811843
3.19372 0.0973898
3.58388 0.112807
4.01403 0.130291
4.39418 0.145853
4.78428 0.162508
5.21438 0.180892
5.58447 0.196739
5.97456 0.213455
6.39466 0.231464
6.80467 0.249069
7.20415 0.265939
7.59372 0.282899
7.98336 0.300168
8.39237 0.318084
8.76145 0.334613
9.18407 0.356752
9.46421 0.415583
9.80908 0.569742
10.1759 0.716012
10.4251 0.857007
10.6958 1.07659
10.9387 1.34852
11.2105 1.62952
11.4988 1.92168
11.7806 2.20616
12.0344 2.46209
12.3446 2.77488
12.5984 3.0308
12.8733 3.30805
13.1694 3.60663
13.4655 3.90522
13.7404 4.18248
14.0317 4.47505
14.2212 4.72294
14.3734 4.99842
14.479 5.28523
14.538 5.61674
14.5028 5.94681
14.4354 6.354
14.4238 6.71197
14.404 7.10211
14.3808 7.49186
14.3742 7.85202
14.3608 8.30249
14.3452 8.72267
14.3304 9.10282
14.3159 9.47295
14.2993 9.89311
14.2835 10.2933
14.2684 10.6734
14.2522 11.0835
14.2394 11.4838
14.2481 11.8448
14.2461 12.2653
14.2457 12.6654
14.264 13.0562
14.2716 13.4466
14.2789 13.8183
14.3079 14.2373
14.33 14.6053
14.3894 14.9924
14.4333 15.3704
14.48 15.7883
14.5206 16.1565
14.5677 16.5844
14.6196 16.898
14.7301 17.1877
14.9171 17.5625
15.0842 17.9375
15.2495 18.3132
15.4063 18.6707
15.5671 19.0375
15.7278 19.4043
15.8764 19.7436
16.0532 20.1471
16.2018 20.4864
16.3746 20.8807
16.5288 21.1952
16.7091 21.5753
16.8888 21.9221
17.0457 22.2374
17.2329 22.5774
17.4177 22.8609
17.6223 23.0958
17.9006 23.327
18.1965 23.5994
18.4702 23.8636
18.7501 24.1358
19.0513 24.4292
19.3525 24.7226
19.6321 24.9952
19.9224 25.2563
20.1916 25.5111
20.4868 25.7793
20.7725 26.0399
21.0558 26.2366
21.352 26.4196
21.7092 26.678
21.9871 26.8519
22.3002 27.0512
22.6053 27.1948
22.9742 27.3205
23.3116 27.4321
23.7017 27.4926
24.0959 27.5635
24.4798 27.6347
24.8636 27.7064
25.2769 27.7839
25.6606 27.8559
26.0444 27.9279
26.4577 28.0054
26.8414 28.0774
27.1951 28.1438
27.5405 28.1747
27.8463 28.1301
28.1688 28.0001
28.5784 27.8367
28.9238 27.7029
29.2882 27.5627
29.6808 27.4119
30.0666 27.264
30.3215 27.1303
30.5964 26.9275
30.8359 26.6815
31.1157 26.4086
31.4192 26.1175
31.6593 25.8495
31.9075 25.5485
32.1585 25.2704
32.3474 24.9717
32.5558 24.6695
32.6952 24.385
32.8019 24.0383
32.91 23.6725
33.0337 23.302
33.1689 22.9037
33.2746 22.5481
33.3644 22.1682
33.4768 21.7836
33.5864 21.4192
33.6671 21.0961
33.7155 20.6804
33.7807 20.2749
33.8164 19.9413
33.7937 19.5677
33.7772 19.1474
33.7636 18.7472
33.7512 18.367
33.7376 17.9467
33.7261 17.5865
33.7127 17.1662
33.6992 16.746
33.6868 16.3557
33.674 15.9555
33.6599 15.5531
33.6719 15.2048
33.6735 14.7841
33.6732 14.3737
33.6723 13.9732
33.6712 13.5828
33.6702 13.1923
33.669 12.7719
33.6679 12.3814
33.6667 11.9609
33.6657 11.6005
33.6645 11.1803
33.6634 10.7608
33.6629 10.4014
33.6627 9.98198
33.663 9.57258
33.6636 9.20312
33.6648 8.78373
33.6664 8.37434
33.6685 7.96493
33.6708 7.5855
33.6738 7.16613
33.6771 6.76672
33.6806 6.3873
33.6849 5.96794
33.6895 5.56855
33.694 5.19913
33.6993 4.80972
33.7053 4.39038
33.7117 3.97105
33.718 3.59167
33.7253 3.17235
33.7325 2.78298
33.7402 2.38367
33.748 2.00428
33.7563 1.61496
33.7656 1.19569
33.7747 0.806353
33.7849 0.387097
33.7947 -0.00219867
33.8048 -0.391499
33.8165 -0.820711
33.8274 -1.20999
33.8384 -1.5893
33.8509 -2.00853
33.8632 -2.40776
33.8753 -2.78704
33.8889 -3.2062
33.8881 -3.60631
33.8857 -3.96719
33.8701 -4.32113
33.7948 -4.6202
33.6547 -4.89803
33.4454 -5.25459
33.333 -5.55147
33.2383 -5.94277
33.1149 -6.23743
32.9274 -6.5852
32.7697 -6.92062
32.5933 -7.30235
32.4303 -7.65714
32.2592 -8.03022
32.0881 -8.40333
31.9295 -8.74914
31.7747 -9.08427
31.567 -9.44088
31.396 -9.78087
31.2301 -10.0679
31.0005 -10.4198
30.8034 -10.7254
30.5928 -10.9673
30.3677 -11.155
30.0622 -11.3365
29.7369 -11.5104
29.3847 -11.7408
29.052 -11.9638
28.7197 -12.1874
28.4042 -12.3999
28.0752 -12.619
27.7728 -12.751
27.4909 -12.8394
27.093 -12.8757
26.6851 -12.9231
26.2877 -12.9721
25.8804 -13.0229
25.5228 -13.0678
25.1056 -13.1202
24.7182 -13.1689
24.301 -13.2214
23.9362 -13.2659
23.6232 -13.2552
23.2413 -13.192
22.88 -13.1957
22.46 -13.2172
22.1196 -13.2107
21.7289 -13.2111
21.2885 -13.2152
20.898 -13.2197
20.4776 -13.2248
20.0872 -13.2296
19.6967 -13.2345
19.3063 -13.2393
18.8759 -13.2447
18.5155 -13.2492
18.085 -13.2547
17.7044 -13.2575
17.3129 -13.2597
16.8914 -13.2636
16.4799 -13.2689
16.1086 -13.275
15.6871 -13.2834
15.2957 -13.2926
14.8743 -13.304
14.4629 -13.3166
14.0617 -13.3304
13.7006 -13.344
13.2794 -13.3612
12.8583 -13.38
12.4572 -13.3992
12.0963 -13.4178
11.6554 -13.4422
11.2846 -13.4637
10.8939 -13.4878
10.4533 -13.5167
10.0827 -13.542
9.6633 -13.5738
9.27934 -13.6068
8.87414 -13.6169
8.47412 -13.6388
8.07438 -13.6626
7.70465 -13.6851
7.27497 -13.7115
6.89525 -13.7348
6.48556 -13.7601
6.09586 -13.7841
5.68617 -13.8093
5.31645 -13.8321
4.89717 -13.8579
4.48608 -13.8842
4.13754 -13.8835
3.71706 -13.8947
3.3068 -13.9075
2.95467 -13.9192
2.53583 -13.9077
2.11533 -13.909
1.7249 -13.9117
1.31445 -13.915
0.94404 -13.9181
0.513566 -13.9217
0.133146 -13.925
-0.227251 -13.928
-0.613887 -13.8863
-0.996041 -13.8288
-1.31353 -13.7537
-1.66514 -13.6003
-2.00635 -13.4633
-2.33832 -13.2899
-2.72332 -13.1199
-3.07003 -12.9703
-3.38342 -12.7903
-3.72312 -12.5952
-4.02453 -12.4
-4.34848 -12.1652
-4.65957 -11.9545
-4.89821 -11.7506
-5.12182 -11.4794
-5.3429 -11.1869
-5.58191 -10.9489
-5.81288 -10.719
-5.97864 -10.4688
-6.2012 -10.1146
-6.43995 -9.78041
-6.66299 -9.47217
-6.88812 -9.16127
-7.05234 -8.83751
-7.23632 -8.5093
-7.35574 -8.20476
-7.40432 -7.89674
-7.37327 -7.58119
-7.26765 -7.23114
-7.16689 -6.8225
-7.07439 -6.43288
-6.98735 -6.06254
-6.89141 -5.65316
-6.80241 -5.273
-6.70659 -4.86359
-6.61763 -4.48342
-6.52283 -4.13352
-6.39094 -3.80174
-6.25863 -3.45067
-6.08189 -3.09781
-5.93893 -2.80067
-5.74892 -2.52484
-5.55662 -2.31044
-5.26884 -2.01521
-5.00834 -1.79197
-4.7187 -1.62529
-4.36875 -1.43364
-4.08563 -1.27248
-3.75848 -1.14038
-3.3721 -0.973522
-3.01566 -0.814136
-2.65958 -0.653953
-2.30077 -0.494811
-2.02228 -0.418517
-1.64435 -0.400671
-1.23169 -0.38541
-0.929965 -0.335528
