0 0
-0.0258138 -0.0758999
-0.00683056 -0.0718912
0.0404735 -0.0628123
0.136071 -0.0462395
0.234539 -0.040212
0.304355 -0.0371177
0.424177 -0.0221886
0.543246 -0.00466651
0.632334 0.00973244
0.721062 0.0259175
0.80965 0.0421109
0.927804 0.0646292
0.984016 0.0754641
1.08036 0.0922198
1.1759 0.10249
1.22631 0.104809
1.22631 0.104809
1.46501 0.10702
1.52511 0.111039
1.64505 0.118351
1.76496 0.127683
1.86478 0.135938
1.9446 0.142608
2.06429 0.152827
2.174 0.16235
2.24381 0.168466
2.35406 0.178648
2.4426 0.182431
2.50365 0.180987
2.62353 0.171731
2.7238 0.169495
2.80391 0.168393
2.92421 0.168092
2.92421 0.168092
3.13448 0.168199
3.23459 0.168517
3.31468 0.168855
3.4248 0.169412
3.49487 0.169808
3.61501 0.170545
3.73514 0.171334
3.73514 0.171334
3.93536 0.172725
4.00544 0.173226
4.12557 0.174099
4.23569 0.174909
4.30577 0.175428
4.4259 0.176324
4.53602 0.177149
4.62612 0.177826
4.6962 0.178355
4.81633 0.179262
4.93646 0.180171
4.99653 0.180627
5.11666 0.181538
5.17673 0.181994
5.32689 0.183136
5.41699 0.183822
5.50709 0.184508
5.62723 0.185423
5.68729 0.185881
5.80743 0.186797
5.92756 0.187714
6.03768 0.188555
6.10776 0.18909
6.22789 0.190008
6.22789 0.190008
6.42811 0.191538
6.53824 0.19238
6.61833 0.192993
6.61833 0.192993
6.82839 0.194519
6.88835 0.194977
7.00822 0.195861
7.12803 0.196792
7.21788 0.197494
7.3377 0.198497
7.42758 0.1993
7.51743 0.200074
7.62726 0.201081
7.70971 0.20086
7.80631 0.206468
7.87777 0.215632
7.87777 0.215632
8.04351 0.251273
8.16205 0.274025
8.26093 0.29036
8.34024 0.302458
8.45912 0.320208
8.56808 0.336224
8.63744 0.346287
8.74692 0.361756
8.84361 0.382152
8.91258 0.398821
9.00112 0.416844
9.11971 0.437392
9.11971 0.437392
9.29752 0.467234
9.40896 0.484848
9.49592 0.501566
9.58003 0.526552
9.64083 0.545194
9.73096 0.576211
9.77487 0.595146
9.86035 0.637317
9.94317 0.682906
10.0028 0.720161
10.1082 0.780321
10.2147 0.836641
10.2647 0.862371
10.3508 0.908423
10.4242 0.957388
10.4725 0.992106
10.5666 1.06451
10.6663 1.1327
10.7502 1.18766
10.8178 1.2308
10.91 1.28759
10.9757 1.33445
11.0245 1.37693
11.103 1.44687
11.1713 1.50609
11.2419 1.56372
11.3294 1.63107
11.4179 1.69695
11.4743 1.73856
11.5712 1.80967
11.652 1.86873
11.7167 1.9159
11.8139 1.98655
11.903 2.05124
11.9598 2.09238
12.0496 2.15585
12.1126 2.20597
12.1629 2.25375
12.2497 2.33523
12.2955 2.37523
12.3881 2.45227
12.4819 2.52756
12.5683 2.59603
12.6232 2.63947
12.7177 2.71378
12.7959 2.77313
12.839 2.80952
12.839 2.80952
12.9654 2.9431
13.0028 2.98343
13.068 3.06232
13.1345 3.1507
13.1795 3.20493
13.2586 3.29591
13.3321 3.37815
13.379 3.43028
13.4536 3.51077
13.5101 3.57944
13.5419 3.62594
13.5941 3.70625
13.6429 3.78962
13.6773 3.85046
13.742 3.95227
13.7977 4.03555
13.8428 4.10174
13.8946 4.17569
13.9635 4.27413
14.0326 4.37239
14.0673 4.42147
14.1366 4.51958
14.1887 4.59313
14.2581 4.69117
14.3159 4.77068
14.3468 4.81841
14.3919 4.90439
14.4311 4.98233
14.4625 5.04676
14.485 5.09781
14.5177 5.18894
14.5329 5.2354
14.5607 5.37006
14.589 5.48706
14.6045 5.54507
14.6365 5.66093
14.6648 5.75743
14.6794 5.81228
14.6989 5.90795
14.7142 6.00324
14.7197 6.05102
14.7242 6.14675
14.7214 6.2343
14.715 6.29354
14.6937 6.41059
14.6785 6.53092
14.6728 6.59085
14.6619 6.71062
14.6542 6.81061
14.6453 6.93046
14.6398 7.00259
14.6372 7.075
14.6452 7.18046
14.6526 7.27992
14.6536 7.36093
14.6544 7.44623
14.6498 7.54289
14.6354 7.63903
14.6257 7.68952
14.5969 7.80584
14.5797 7.89489
14.565 7.98398
14.5452 8.11072
14.5395 8.16673
14.54 8.27265
14.5411 8.36245
14.5361 8.47346
14.5318 8.54352
14.5228 8.66345
14.5115 8.78316
14.5057 8.84297
14.4927 8.97257
14.4856 9.0423
14.4733 9.1618
14.4618 9.27133
14.4545 9.34102
14.4419 9.46049
14.4323 9.55009
14.4228 9.63968
14.4101 9.75914
14.3973 9.87859
14.3909 9.93831
14.3781 10.0578
14.3685 10.1474
14.3589 10.2369
14.346 10.3564
14.3367 10.4401
14.3295 10.5457
14.3275 10.6564
14.3242 10.7266
14.3188 10.8166
14.3103 10.9365
14.3015 11.0564
14.2939 11.1562
14.2862 11.256
14.2808 11.3259
14.2712 11.4361
14.2678 11.5084
14.2694 11.58
14.2781 11.6847
14.2781 11.6847
14.2982 11.8645
14.3061 11.9848
14.3116 12.0949
14.3143 12.1651
14.3188 12.2852
14.3228 12.3953
14.3251 12.4654
14.3291 12.5854
14.331 12.6455
14.3347 12.7656
14.3384 12.8856
14.3411 12.9757
14.3444 13.0858
14.3465 13.1558
14.35 13.2759
14.3526 13.366
14.3553 13.456
14.3588 13.5761
14.362 13.6862
14.3649 13.7863
14.3681 13.8963
14.3681 13.8963
14.3736 14.0865
14.3736 14.0865
14.3794 14.2866
14.3826 14.3967
14.3846 14.4667
14.3881 14.5868
14.3881 14.5868
14.3942 14.797
14.3956 14.8527
14.4003 14.9496
14.4153 15.0448
14.4227 15.0921
14.4415 15.1855
14.4415 15.1855
14.5 15.3718
14.5268 15.4584
14.5592 15.5743
14.5749 15.6324
14.6062 15.7484
14.6346 15.8548
14.6525 15.9225
14.6831 16.0387
14.7104 16.1441
14.724 16.1902
14.7512 16.2596
14.8057 16.3875
14.8255 16.4445
14.8697 16.5777
14.9035 16.6825
14.9249 16.7493
14.9613 16.8638
14.9885 16.9497
15.0155 17.0356
15.0514 17.1503
15.0843 17.2554
15.1052 17.3223
15.1379 17.4282
15.1681 17.5109
15.1921 17.5618
15.2329 17.648
15.2779 17.7342
15.3117 17.7956
15.3654 17.9047
15.4115 18.0051
15.4519 18.0968
15.4762 18.1518
15.5243 18.2619
15.5642 18.3538
15.596 18.4273
15.6435 18.5376
15.6791 18.6204
15.7265 18.7308
15.766 18.8228
15.7975 18.8964
15.833 18.9792
15.8882 19.1081
15.9275 19.2001
15.9472 19.2461
15.9945 19.3566
16.0299 19.4394
16.0772 19.5499
16.1205 19.6511
16.1638 19.7524
16.1952 19.826
16.2307 19.9089
16.2779 20.0193
16.3133 20.1022
16.3566 20.2034
16.3842 20.2679
16.4314 20.3783
16.4786 20.4888
16.5141 20.5716
16.5455 20.6453
16.579 20.7245
16.6195 20.8129
16.6698 20.8955
16.7054 20.9557
16.7625 21.0632
16.8029 21.144
16.8549 21.2526
16.8979 21.343
16.9322 21.4154
16.9834 21.5241
17.0216 21.6057
17.0598 21.6873
17.1106 21.7961
17.145 21.871
17.1823 21.9428
17.219 22.0002
17.2824 22.101
17.3412 22.2071
17.3694 22.2604
17.4332 22.3854
17.4649 22.4479
17.5145 22.5462
17.5595 22.6357
17.6041 22.7259
17.6312 22.7756
17.6899 22.8627
17.7281 22.9192
17.7281 22.9192
17.859 23.11
17.8959 23.1698
17.9424 23.2471
18.007 23.3579
18.0378 23.4051
18.0978 23.4813
18.1484 23.5416
18.2235 23.6356
18.2604 23.6838
18.331 23.7815
18.3868 23.8644
18.4203 23.9099
18.4858 23.982
18.5298 24.029
18.5945 24.0988
18.6704 24.1712
18.7118 24.2129
18.8039 24.3067
18.8589 24.3652
18.9404 24.4537
19.0148 24.5348
19.0621 24.5866
19.1348 24.6687
19.168 24.7037
19.24 24.7676
19.3241 24.8323
19.383 24.8733
19.4693 24.9396
19.5547 25.011
19.615 25.064
19.6898 25.1318
19.7332 25.1685
19.7931 25.2112
19.8761 25.2645
19.9606 25.3152
19.9606 25.3152
20.1002 25.3843
20.1786 25.4251
20.2819 25.4882
20.3835 25.5528
20.4339 25.5856
20.5338 25.6527
20.6334 25.7199
20.7163 25.776
20.7826 25.8211
20.7826 25.8211
20.9315 25.9226
21.0307 25.9903
21.1051 26.0412
21.196 26.1039
21.2368 26.13
21.2368 26.13
21.4339 26.2297
21.5211 26.2798
21.5902 26.3207
21.6929 26.3833
21.7698 26.4304
21.8636 26.4881
21.9232 26.525
22.0254 26.5882
22.102 26.6357
22.2041 26.6991
22.2806 26.7472
22.3415 26.7809
22.4207 26.8213
22.5263 26.8807
22.6299 26.942
22.6813 26.9732
22.7841 27.0355
22.8782 27.0928
22.938 27.1293
23.0404 27.1921
23.1326 27.2492
23.2039 27.287
23.2628 27.3132
23.3341 27.3424
23.4444 27.3863
23.4983 27.4121
23.6333 27.4783
23.687 27.5052
23.7941 27.5599
23.8891 27.6103
23.9327 27.6308
24.0229 27.6653
24.1128 27.6959
24.1807 27.7143
24.2956 27.7512
24.3714 27.7771
24.4848 27.8171
24.5696 27.8479
24.6812 27.8889
24.7428 27.9082
24.8129 27.9264
24.9153 27.9471
25.025 27.9627
25.0938 27.9763
25.2115 28.0006
25.3192 28.0241
25.3877 28.0396
25.4713 28.0587
25.5668 28.0779
25.6628 28.09
25.7432 28.0949
25.8541 28.0964
25.9242 28.101
26.044 28.1099
26.1239 28.1167
26.2341 28.1277
26.3064 28.1323
26.3793 28.1321
26.4829 28.1269
26.583 28.1156
26.6831 28.1078
26.783 28.1014
26.8932 28.0955
26.9531 28.0924
27.0654 28.0869
27.1299 28.0818
27.2246 28.0684
27.3284 28.0465
27.3873 28.0307
27.5051 28.0056
27.6131 27.9844
27.6781 27.9728
27.7734 27.9546
27.8427 27.9338
27.8427 27.9338
28.034 27.8633
28.1113 27.8383
28.1978 27.812
28.3137 27.7794
28.4299 27.7482
28.4299 27.7482
28.5776 27.7077
28.6668 27.6701
28.7312 27.6429
28.8455 27.6038
28.9505 27.5701
29.0174 27.5489
29.1411 27.512
29.2019 27.4909
29.2827 27.4555
29.3545 27.4233
29.4409 27.3791
29.5289 27.3299
29.5826 27.3017
29.6908 27.2485
29.7997 27.1973
29.8542 27.1719
29.9566 27.1245
30.0425 27.0807
30.0837 27.0561
30.1638 27.0028
30.2496 26.9422
30.2979 26.9057
30.3971 26.8363
30.4819 26.7807
30.5478 26.734
30.6031 26.6873
30.6755 26.6255
30.7109 26.5936
30.7828 26.5213
30.8584 26.4429
30.9093 26.3934
30.9093 26.3934
31.0801 26.2383
31.0801 26.2383
31.2019 26.1299
31.2407 26.0851
31.3243 25.9887
31.3882 25.9238
31.4745 25.8399
31.54 25.7779
31.6144 25.7108
31.6765 25.6475
31.7173 25.5968
31.7755 25.5202
31.844 25.435
31.8899 25.3811
31.9697 25.2912
32.0372 25.2179
32.074 25.1749
32.117 25.1155
32.1706 25.0335
32.2243 24.9393
32.2555 24.8887
32.3233 24.7882
32.3233 24.7882
32.429 24.6419
32.4971 24.552
32.5482 24.4786
32.5765 24.43
32.6226 24.3465
32.6658 24.2619
32.6948 24.198
32.7502 24.0908
32.803 23.994
32.8371 23.9327
32.8934 23.8352
32.9275 23.7711
32.9668 23.6841
32.9987 23.6114
33.0202 23.5456
33.0202 23.5456
33.08 23.3443
33.1137 23.25
33.1417 23.1749
33.1829 23.0699
33.2126 22.9858
33.228 22.9312
33.2522 22.831
33.2672 22.7429
33.294 22.6247
33.3216 22.5181
33.3399 22.4503
33.3708 22.3438
33.3838 22.297
33.4027 22.2015
33.4161 22.0971
33.4161 22.0971
33.4327 21.9172
33.4475 21.798
33.4596 21.7087
33.4753 21.5995
33.4896 21.5004
33.4979 21.4437
33.4979 21.4437
33.5167 21.2752
33.519 21.1795
33.5112 21.0747
33.5025 21.0145
33.4894 20.8944
33.4809 20.7845
33.4761 20.7145
33.4686 20.5945
33.463 20.5046
33.4558 20.3846
33.4504 20.2942
33.45 20.2244
33.4555 20.1042
33.4554 20.0141
33.4529 19.8938
33.4515 19.8337
33.4482 19.7136
33.445 19.6035
33.4416 19.4934
33.4387 19.4033
33.4361 19.3233
33.4321 19.2032
33.4277 19.1044
33.4283 19.0425
33.4355 18.9223
33.4378 18.8321
33.4387 18.7119
33.4386 18.6517
33.4386 18.5616
33.4383 18.4415
33.4378 18.3213
33.4373 18.2212
33.4368 18.1411
33.436 18.031
33.4354 17.9409
33.4345 17.8208
33.4336 17.7106
33.4331 17.6406
33.4323 17.5505
33.4313 17.4303
33.4304 17.3102
33.4297 17.2301
33.4288 17.12
33.4279 17.0099
33.4272 16.9298
33.4264 16.8397
33.4254 16.7196
33.4248 16.6395
33.4238 16.5193
33.4228 16.4092
33.4228 16.4092
33.4213 16.219
33.4203 16.1089
33.4197 16.0388
33.4187 15.9187
33.4179 15.8186
33.4172 15.7385
33.4162 15.6183
33.4154 15.5182
33.4147 15.4381
33.4137 15.318
33.4128 15.2079
33.4122 15.1378
33.4112 15.0177
33.4103 14.9075
33.4097 14.8375
33.4086 14.7175
33.4077 14.6075
33.4071 14.5376
33.4064 14.4476
33.4056 14.3277
33.4048 14.2076
33.4048 14.2076
33.4035 14.0177
33.4029 13.9375
33.4022 13.8175
33.4016 13.7177
33.4004 13.6374
33.3985 13.5169
33.3976 13.4567
33.3959 13.3362
33.3944 13.2158
33.3933 13.1255
33.3922 13.0351
33.391 12.9147
33.3901 12.8244
33.3891 12.7039
33.3887 12.6437
33.3879 12.5232
33.3879 12.5232
33.3869 12.3426
33.3864 12.2221
33.3859 12.1117
33.3859 12.0414
33.3857 11.921
33.3857 11.8005
33.3857 11.7403
33.3859 11.6199
33.3862 11.4994
33.3864 11.4392
33.3869 11.2986
33.3874 11.2284
33.3882 11.098
33.3887 11.0176
33.3896 10.8972
33.3905 10.7968
33.3913 10.7165
33.3926 10.5961
33.3932 10.5358
33.3948 10.3953
33.3956 10.3351
33.3973 10.2146
33.3991 10.1043
33.4005 10.0039
33.4025 9.89355
33.4041 9.80323
33.4052 9.73291
33.4075 9.61248
33.4093 9.52216
33.4118 9.40174
33.4142 9.30143
33.4158 9.22111
33.4187 9.1007
33.4187 9.1007
33.4232 8.92008
33.4255 8.82978
33.4279 8.73947
33.4313 8.61907
33.4338 8.52877
33.4374 8.40838
33.4409 8.29809
33.4429 8.22779
33.4468 8.1074
33.4508 7.98702
33.4543 7.88675
33.457 7.80646
33.4613 7.68609
33.4646 7.59581
33.4679 7.50554
33.4714 7.41527
33.4749 7.325
33.4802 7.19466
33.4849 7.10372
33.4859 7.031
33.482 6.93538
33.4752 6.88362
33.4551 6.76635
33.4439 6.64637
33.4439 6.64637
33.4292 6.46653
33.4219 6.3565
33.4175 6.29096
33.4144 6.19363
33.4174 6.11619
33.4301 5.99604
33.435 5.89574
33.4382 5.79556
33.4382 5.79556
33.4413 5.63521
33.4435 5.49504
33.4449 5.39642
33.4432 5.34027
33.4322 5.23633
33.416 5.12632
33.409 5.05636
33.3991 4.93638
33.3911 4.8264
33.3864 4.75645
33.3803 4.66655
33.3725 4.54666
33.3649 4.42677
33.3612 4.36682
33.3538 4.24691
33.3465 4.127
33.3428 4.06704
33.3356 3.94712
33.329 3.8372
33.3248 3.76724
33.3176 3.64732
33.311 3.53739
33.3069 3.46744
33.2997 3.34751
33.2932 3.23758
33.2866 3.12765
33.2818 3.0477
33.2747 2.92778
33.2711 2.86782
33.264 2.74789
33.2586 2.65795
33.2515 2.53802
33.2461 2.44808
33.2408 2.35814
33.2337 2.23821
33.2271 2.12828
33.2235 2.06832
33.2164 1.94839
33.2111 1.85845
33.2039 1.73852
33.1974 1.62859
33.1926 1.54864
33.1926 1.54864
33.1807 1.34877
33.1742 1.23884
33.1676 1.1289
33.1629 1.04895
33.1557 0.929148
33.1522 0.869229
33.1449 0.749633
33.139 0.649939
33.1331 0.550255
33.1261 0.430634
33.1226 0.370823
33.1156 0.251199
33.1087 0.131571
33.1053 0.071757
33.0984 -0.0478739
33.0922 -0.157517
33.0882 -0.227325
33.0815 -0.346963
33.0771 -0.426719
33.0704 -0.54636
33.0638 -0.666004
33.0583 -0.765714
33.054 -0.845475
33.0491 -0.935196
33.0426 -1.05485
33.0368 -1.16453
33.032 -1.25429
33.0283 -1.32409
33.022 -1.44375
33.0178 -1.5235
33.0116 -1.64317
33.0055 -1.76284
33.0009 -1.85261
32.9963 -1.94234
32.9918 -2.03212
32.9857 -2.15179
32.9803 -2.2615
32.9768 -2.33131
32.9709 -2.45099
32.966 -2.55071
32.9622 -2.63051
32.9564 -2.7502
32.9511 -2.85992
32.9478 -2.92973
32.9421 -3.04942
32.9379 -3.13917
32.9337 -3.22896
32.9282 -3.34866
32.924 -3.43841
32.9186 -3.55811
32.9159 -3.61796
32.9105 -3.73767
32.9056 -3.84741
32.9025 -3.91722
32.8972 -4.03693
32.892 -4.15664
32.8894 -4.2165
32.8855 -4.30631
32.8804 -4.42602
32.8753 -4.54574
32.8707 -4.65549
32.8678 -4.72532
32.8629 -4.84504
32.8584 -4.95479
32.8555 -5.02463
32.8519 -5.1144
32.8471 -5.23413
32.8423 -5.35386
32.8405 -5.40945
32.8345 -5.50656
32.8212 -5.59319
32.8036 -5.67984
32.7818 -5.76817
32.7645 -5.85658
32.7428 -5.97483
32.7428 -5.97483
32.7167 -6.12767
32.6902 -6.22005
32.6694 -6.28813
32.6344 -6.38634
32.6119 -6.44209
32.569 -6.55575
32.5332 -6.66027
32.5021 -6.75558
32.4718 -6.84994
32.453 -6.90273
32.4234 -6.96863
32.376 -7.05998
32.3234 -7.16675
32.2911 -7.24033
32.2432 -7.35056
32.2197 -7.40589
32.1728 -7.51654
32.1301 -7.61805
32.1301 -7.61805
32.0529 -7.80279
32.0221 -7.87672
32.0221 -7.87672
31.9375 -8.0801
31.9068 -8.15407
31.8642 -8.25827
31.8265 -8.33878
31.7904 -8.41063
31.7393 -8.51993
31.7393 -8.51993
31.654 -8.71216
31.6315 -8.76346
31.5903 -8.85172
31.5903 -8.85172
31.4965 -9.00056
31.4965 -9.00056
31.3948 -9.16329
31.3356 -9.26821
31.2925 -9.34662
31.2588 -9.40164
31.2073 -9.47331
31.171 -9.52062
31.0987 -9.61493
31.0522 -9.68097
30.9851 -9.7811
30.9272 -9.87271
30.8991 -9.91232
30.8311 -9.99082
30.7692 -10.0678
30.72 -10.132
30.6488 -10.2291
30.5846 -10.3188
30.5472 -10.3724
30.4896 -10.4506
30.4366 -10.5074
30.3576 -10.5958
30.2865 -10.6808
30.2302 -10.7514
30.1866 -10.8063
30.1059 -10.9084
30.0464 -10.9865
30.0153 -11.0236
29.9417 -11.0962
29.8798 -11.1595
29.7975 -11.2484
29.7444 -11.3086
29.6733 -11.3928
29.6233 -11.4455
29.5503 -11.5097
29.5099 -11.5425
29.414 -11.627
29.3548 -11.6823
29.2901 -11.7455
29.2109 -11.8259
29.1641 -11.871
29.0834 -11.9354
28.9992 -12.0053
28.9244 -12.0733
28.8444 -12.1494
28.7943 -12.1986
28.7177 -12.2772
28.6648 -12.3263
28.5859 -12.3845
28.5181 -12.4299
28.4706 -12.4651
28.3801 -12.5376
28.3032 -12.5971
28.2435 -12.6368
28.1625 -12.6867
28.0694 -12.7448
28.0033 -12.7907
27.9145 -12.8549
27.8742 -12.8821
27.7913 -12.93
27.7349 -12.9597
27.6225 -13.0111
27.5602 -13.0416
27.4541 -13.1004
27.3898 -13.1387
27.305 -13.186
27.2387 -13.2162
27.1682 -13.2431
27.0942 -13.2675
27.0006 -13.3009
26.9088 -13.3315
26.8408 -13.3497
26.7273 -13.3887
26.6329 -13.4241
26.5799 -13.4427
26.4866 -13.4669
26.3992 -13.4852
26.3442 -13.4953
26.2423 -13.5067
26.1515 -13.507
26.0314 -13.5144
25.9514 -13.5205
25.8411 -13.5308
25.7526 -13.5354
25.6965 -13.5352
25.5918 -13.5293
25.4921 -13.5187
25.382 -13.5145
25.3218 -13.5124
25.2017 -13.5086
25.0914 -13.507
25.0914 -13.507
24.9216 -13.5091
24.8013 -13.5182
24.8013 -13.5182
24.621 -13.5241
24.5007 -13.5259
24.4407 -13.5267
24.3205 -13.5282
24.2004 -13.5294
24.1103 -13.5302
24.0202 -13.5309
23.9001 -13.5318
23.84 -13.5322
23.7199 -13.533
23.5997 -13.5338
23.5397 -13.5342
23.4195 -13.5349
23.3294 -13.5354
23.2093 -13.5361
23.2093 -13.5361
23.0291 -13.5372
22.909 -13.5378
22.7988 -13.5385
22.7288 -13.5389
22.5986 -13.5396
22.5185 -13.5401
22.4384 -13.5405
22.3183 -13.5412
22.1982 -13.5419
22.1381 -13.5422
22.018 -13.5429
21.8978 -13.5436
21.8378 -13.5439
21.7176 -13.5446
21.5975 -13.5453
21.5374 -13.5456
21.4173 -13.5463
21.2971 -13.547
21.2371 -13.5473
21.1169 -13.548
20.9968 -13.5487
20.9367 -13.5491
20.8166 -13.5497
20.6965 -13.5504
20.6064 -13.5509
20.5064 -13.5515
20.4265 -13.5519
20.3364 -13.5525
20.2164 -13.5534
20.1065 -13.554
20.0363 -13.5546
19.9165 -13.5556
19.9165 -13.5556
19.7364 -13.5569
19.6166 -13.5579
19.4962 -13.5582
19.436 -13.5581
19.3155 -13.5579
19.2251 -13.5579
19.1047 -13.5579
19.0044 -13.5581
18.924 -13.5582
18.8036 -13.5586
18.7032 -13.559
18.6229 -13.5594
18.5024 -13.5601
18.4422 -13.5605
18.4422 -13.5605
18.2314 -13.5621
18.111 -13.5633
18.0207 -13.5642
17.9102 -13.5653
17.7898 -13.5667
17.7296 -13.5675
17.6091 -13.5692
17.4988 -13.571
17.4285 -13.5719
17.308 -13.5739
17.2177 -13.5755
17.0973 -13.5777
16.987 -13.58
16.9166 -13.5812
16.7962 -13.5838
16.6959 -13.5861
16.6156 -13.5878
16.4952 -13.5907
16.3849 -13.5935
16.3146 -13.5952
16.2243 -13.5975
16.0839 -13.6015
16.0136 -13.6033
15.8932 -13.6068
15.7829 -13.6103
15.7126 -13.6123
15.5922 -13.6161
15.4819 -13.6198
15.4116 -13.622
15.3213 -13.6251
15.201 -13.6293
15.1107 -13.6326
14.9903 -13.637
14.8801 -13.6414
14.7797 -13.6451
14.7195 -13.6475
14.6292 -13.6511
14.5148 -13.6565
14.4378 -13.6586
14.3183 -13.6538
14.2179 -13.6531
14.1377 -13.6539
14.0175 -13.6564
13.9174 -13.6586
13.8373 -13.6604
13.7172 -13.6635
13.6271 -13.6659
13.5071 -13.6692
13.397 -13.6723
13.3269 -13.6743
13.2068 -13.6778
13.1168 -13.6804
12.9967 -13.6839
12.9366 -13.6857
12.8166 -13.6892
12.7265 -13.6919
12.6164 -13.6952
12.4963 -13.6988
12.3963 -13.7018
12.3162 -13.7041
12.2262 -13.7068
12.1161 -13.7101
12.006 -13.7134
11.936 -13.7155
11.8159 -13.7191
11.7058 -13.7224
11.6357 -13.7245
11.5157 -13.7281
11.5157 -13.7281
11.3232 -13.7347
11.2159 -13.7317
11.1555 -13.7278
11.0349 -13.7236
10.9248 -13.7221
10.8245 -13.7215
10.7344 -13.721
10.7344 -13.721
10.5542 -13.7204
10.4341 -13.7202
10.334 -13.7202
10.2539 -13.7202
10.1338 -13.7202
10.0737 -13.7203
9.93353 -13.7204
9.84343 -13.7205
9.72329 -13.7207
9.62318 -13.7209
9.54309 -13.721
9.42295 -13.7212
9.33285 -13.7213
9.24275 -13.7215
9.12261 -13.7217
9.12261 -13.7217
8.94241 -13.722
8.82227 -13.7222
8.82227 -13.7222
8.64207 -13.7226
8.52193 -13.7228
8.43183 -13.723
8.3217 -13.7232
8.22159 -13.7233
8.11146 -13.7235
8.04138 -13.7237
7.92125 -13.7239
7.82113 -13.7241
7.74104 -13.7242
7.6209 -13.7244
7.51078 -13.7247
7.41066 -13.7248
7.35059 -13.7249
7.23046 -13.7252
7.11033 -13.7254
7.05042 -13.7254
6.93033 -13.7257
6.8304 -13.7258
6.75053 -13.7259
6.61072 -13.7262
6.54083 -13.7264
6.421 -13.7267
6.33115 -13.727
6.24126 -13.7273
6.12144 -13.7277
6.0216 -13.7281
5.9417 -13.7284
5.9417 -13.7284
5.73203 -13.7294
5.61221 -13.7299
5.5523 -13.7302
5.43247 -13.7309
5.35257 -13.7314
5.23274 -13.7321
5.12293 -13.7327
5.05301 -13.7332
4.93319 -13.734
4.82337 -13.7348
4.82337 -13.7348
4.62366 -13.7363
4.51382 -13.7371
4.44393 -13.7377
4.32411 -13.7387
4.24424 -13.7394
4.12442 -13.7405
4.03454 -13.7413
3.91472 -13.7424
3.91472 -13.7424
3.72501 -13.7443
3.63517 -13.7452
3.52533 -13.7464
3.52533 -13.7464
3.36556 -13.7481
3.22579 -13.7497
3.11595 -13.751
3.04606 -13.7518
2.93622 -13.7531
2.81641 -13.7546
2.74653 -13.7555
2.63669 -13.7569
2.51688 -13.7585
2.41703 -13.7598
2.35712 -13.7606
2.23731 -13.7623
2.1275 -13.7638
2.03763 -13.7652
1.94779 -13.7665
1.82798 -13.7683
1.7381 -13.7697
1.62828 -13.7714
1.55839 -13.7725
1.43858 -13.7744
1.31878 -13.7763
1.23893 -13.7776
1.11912 -13.7796
1.01926 -13.7814
0.939411 -13.7827
0.819606 -13.7848
0.759704 -13.7859
0.639901 -13.7881
0.530072 -13.7901
0.460197 -13.7914
0.340395 -13.7937
0.340395 -13.7937
0.164994 -13.7974
0.0677645 -13.7972
-0.0278952 -13.7884
-0.0988592 -13.78
-0.169165 -13.7676
-0.271186 -13.7398
-0.328248 -13.7212
-0.445503 -13.6889
-0.504054 -13.6744
-0.633578 -13.6446
-0.633578 -13.6446
-0.772665 -13.6059
-0.867756 -13.5729
-0.95062 -13.5383
-1.03503 -13.5063
-1.14817 -13.4658
-1.26179 -13.4264
-1.31468 -13.4083
-1.40607 -13.3748
-1.49258 -13.3325
-1.57122 -13.2896
-1.64161 -13.2515
-1.7508 -13.1981
-1.84213 -13.1562
-1.9156 -13.1239
-2.02592 -13.0761
-2.10868 -13.0404
-2.1915 -13.0049
-2.27437 -12.9695
-2.38493 -12.9225
-2.38493 -12.9225
-2.54546 -12.8547
-2.64051 -12.8094
-2.73893 -12.7592
-2.80246 -12.7287
-2.91209 -12.679
-2.99452 -12.6425
-3.07183 -12.6084
-3.15947 -12.5675
-3.23545 -12.5225
-3.30428 -12.481
-3.41011 -12.4218
-3.50792 -12.3706
-3.57054 -12.3389
-3.66983 -12.2887
-3.74681 -12.2458
-3.7978 -12.2124
-3.89644 -12.1451
-3.99081 -12.088
-4.05104 -12.0523
-4.14726 -11.9974
-4.20185 -11.9627
-4.28353 -11.9003
-4.37058 -11.8338
-4.42876 -11.7931
-4.52903 -11.7261
-4.60519 -11.6777
-4.69759 -11.6214
-4.75693 -11.5796
-4.83211 -11.5173
-4.88631 -11.4719
-4.98209 -11.3984
-5.03052 -11.3627
-5.14388 -11.2801
-5.23302 -11.2154
-5.23302 -11.2154
-5.36188 -11.1197
-5.42009 -11.0633
-5.46538 -11.0182
-5.51783 -10.9639
-5.61139 -10.8633
-5.66054 -10.8129
-5.74619 -10.7284
-5.81117 -10.6658
-5.87611 -10.6033
-5.96286 -10.5202
-6.0063 -10.4787
-6.08925 -10.401
-6.15727 -10.3318
-6.21225 -10.2611
-6.24596 -10.2168
-6.30149 -10.1374
-6.34247 -10.0684
-6.38925 -9.99277
-6.38925 -9.99277
-6.49408 -9.84487
-6.56297 -9.75316
-6.61965 -9.67401
-6.61965 -9.67401
-6.6908 -9.55017
-6.73679 -9.45759
-6.77964 -9.36776
-6.81803 -9.29744
-6.81803 -9.29744
-6.90888 -9.13836
-6.94846 -9.05154
-6.9674 -9.00788
-7.00052 -8.91726
-7.02142 -8.84862
-7.04344 -8.74623
-7.05938 -8.63697
-7.07297 -8.56782
-7.09182 -8.47972
-7.11815 -8.36239
-7.14419 -8.25653
-7.15429 -8.20913
-7.16906 -8.1132
-7.17968 -8.0262
-7.18342 -7.96617
-7.1779 -7.84679
-7.17847 -7.75654
-7.18104 -7.63634
-7.1844 -7.53615
-7.18744 -7.45605
-7.19213 -7.34545
-7.19271 -7.27312
-7.1882 -7.19603
-7.17422 -7.07659
-7.17422 -7.07659
-7.1616 -6.87629
-7.15728 -6.77612
-7.15409 -6.69605
-7.14946 -6.576
-7.14546 -6.46595
-7.14299 -6.39592
-7.13887 -6.27585
-7.13585 -6.1858
-7.13386 -6.12577
-7.12929 -5.98569
-7.12573 -5.87562
-7.12284 -5.78556
-7.12017 -5.69326
-7.11463 -5.61307
-7.10439 -5.53413
-7.09245 -5.4556
-7.07929 -5.3935
-7.04972 -5.28706
-7.02563 -5.22093
-6.98807 -5.10593
-6.95732 -4.9999
-6.93944 -4.93634
-6.91417 -4.85068
-6.88627 -4.78412
-6.88627 -4.78412
-6.81062 -4.61016
-6.78718 -4.56486
-6.72658 -4.46238
-6.66991 -4.3551
-6.64303 -4.30116
-6.59413 -4.19916
-6.55292 -4.1205
-6.52347 -4.07295
-6.4726 -3.99264
-6.42123 -3.92101
-6.3865 -3.87682
-6.31496 -3.79127
-6.2535 -3.71383
-6.19802 -3.64204
-6.1443 -3.56947
-6.0915 -3.49638
-6.02118 -3.39896
-5.96867 -3.32574
-5.89304 -3.21982
-5.85242 -3.16055
-5.79206 -3.08438
-5.74066 -3.0319
-5.68955 -2.98027
-5.62213 -2.91254
-5.57256 -2.86384
-5.48883 -2.77564
-5.40875 -2.68547
-5.34347 -2.60934
-5.29145 -2.54839
-5.22013 -2.46447
-5.17848 -2.41416
-5.11434 -2.3411
-5.06027 -2.29183
-4.97986 -2.22448
-4.89886 -2.15144
-4.84759 -2.10311
-4.76154 -2.01889
-4.68345 -1.94115
-4.63937 -1.89553
-4.56877 -1.82942
-4.49712 -1.77581
-4.42946 -1.72943
-4.38566 -1.70104
-4.28701 -1.63579
-4.23841 -1.59989
-4.12732 -1.51418
-4.04082 -1.44579
-3.96235 -1.38358
-3.96235 -1.38358
-3.82698 -1.27459
-3.74927 -1.21703
-3.68039 -1.17543
-3.62472 -1.14362
-3.53726 -1.09884
-3.46147 -1.06701
-3.38066 -1.02866
-3.27477 -0.969472
-3.17984 -0.9131
-3.14553 -0.892305
-3.02645 -0.818022
-2.93338 -0.759012
-2.87424 -0.721389
-2.77298 -0.656717
-2.68025 -0.5973
-2.62126 -0.559444
-2.5202 -0.494491
-2.436 -0.439726
-2.36612 -0.399732
-2.30064 -0.3689
-2.22894 -0.334959
-2.13265 -0.293864
-2.05696 -0.266107
-1.9742 -0.230773
-1.8641 -0.182528
-1.81192 -0.158779
-1.72175 -0.119885
-1.63143 -0.0882771
-1.56271 -0.0669681
-1.49351 -0.0480279
-1.39948 -0.0283526
-1.31212 -0.0165311
-1.31212 -0.0165311
-1.13094 -0.0187913
-1.04017 -0.0146974
-1.04017 -0.0146974
-0.859984 -0.00327994
-0.748155 0.00847538
-0.748155 0.00847538
-0.659931 0.0146234
-0.480758 0.00254906
-0.399676 0.00212307
-0.279329 0.00421376
-0.159119 0.0080334
-0.0990801 0.0104155
-0.00892175 0.0149783
0.131112 0.0221777
0.241097 0.0280686
0.311079 0.0319108
